0 0.537891 0.679167 0.013281 0.030556
0 0.580469 0.407639 0.015625 0.018056
0 0.130078 0.159722 0.005469 0.027778
0 0.097266 0.632639 0.007031 0.023611
0 0.135937 0.881944 0.010937 0.016667
0 0.276172 0.707639 0.013281 0.026389
0 0.312891 0.268750 0.011719 0.029167
0 0.416797 0.493056 0.013281 0.013889
0 0.271094 0.709722
0 0.303125 0.273611
0 0.409375 0.498611
0 0.596875 0.418056
0 0.523438 0.690278
0 0.289062 0.723611
0 0.146875 0.898611
0 0.085938 0.630556
0 0.121875 0.172222
0 0.323438 0.275000